waveType=2
frequency=4.000000
amplitude=3.000000
